891
1914
1309
7292
1894
2272
3614
9579
4462
8136
7436
6427
8969
2456
8054
2655
4231
4547
9835
4011
3820
6803
3555
6534
4910
4062
1730
3446
138
7182
3510
9788
3307
7725
3365
8838
7214
7973
8461
4964
1524
5594
4673
674
8428
6104
4663
5019
6127
8320
9293
8334
8827
7302
3881
136
1604
1941
8052
9050
3565
5609
4676
9320
4517
9797
795
5161
3696
6907
4054
723
4295
9553
5291
1414
1527
6467
667
5457
5186
3920
6204
1568
1033
5494
4471
5085
7423
3021
9733
2526
8559
7062
176
1760
3987
8654
2108
1630
3476
2733
9165
2816
3418
3504
9923
7223
273
3647
644
4067
1454
7356
4987
5389
4197
3141
3147
4761
4524
3284
2563
5786
3209
3726
89
6648
9796
5565
7938
9808
8667
5477
4492
386
2591
4182
1926
3282
2808
1232
6779
767
341
4148
8077
3522
2657
3909
3299
4464
9051
7654
9721
3914
2627
219
4105
3101
6027
2565
1394
356
8592
5311
2642
2102
930
7835
9349
7812
2263
3286
1281
6853
3063
4270
1803
9614
9171
2037
8300
4760
8723
4057
8672
8143
3482
8500
3772
4439
2752
396
1290
3064
599
7834
1887
2594
2928
5492
675
7181
3465
5690
3222
9113
4733
9399
7306
9351
9398
4409
8337
1539
4124
5613
2977
8628
1911
6223
5315
737
6177
9427
6814
9035
1526
268
1254
6043
1039
399
906
182
828
6340
5966
4589
2573
4735
5645
2694
2435
4843
2285
6049
2477
1237
9109
9136
7707
8401
2197
8359
8567
1264
9432
1927
969
4433
3585
6548
771
205
4579
8984
3763
7462
3998
5302
3974
6205
6197
4160
7650
7458
7587
22
859
1985
2709
7123
6254
2974
1234
553
1337
6118
6378
3610
3202
8406
428
8866
5749
7028
3612
3755
